[;H[2J

-8.030000 4095 
-7.830000 4053 
-7.620000 3957 
-7.440000 3869 
-7.230000 3773 
-7.030000 3684 
-6.830000 3590 
-6.640000 3500 
-6.440000 3408 
-6.220000 3306 
-6.040000 3222 
-5.830000 3131 
-5.620000 3036 
-5.430000 2952 
-5.210000 2863 
-5.040000 2785 
-4.820000 2694 
-4.630000 2616 
-4.420000 2534 
-4.230000 2458 
-4.030000 2381 
-3.840000 2312 
-3.640000 2238 
-3.440000 2169 
-3.230000 2097 
-3.040000 2032 
-2.840000 1970 
-2.640000 1906 
-2.450000 1849 
-2.230000 1787 
-2.040000 1733 
-1.840000 1679 
-1.640000 1626 
-1.450000 1579 
-1.220000 1526 
-1.030000 1484 
-0.830000 1441 
-0.620000 1395 
-0.420000 1356 
-0.220000 1317 
-0.030000 1284 
0.180000 1246 
0.370000 1213 
0.580000 1180 
0.780000 1150 
0.970000 1120 
1.160000 1092 
1.370000 1065 
1.570000 1038 
1.770000 1012 
1.960000 989 
2.160000 966 
2.370000 944 
2.560000 923 
2.770000 901 
2.970000 882 
3.170000 863 
3.370000 845 
3.560000 828 
3.770000 810 
3.950000 795 
4.160000 779 
4.370000 763 
4.560000 749 
4.770000 735 
4.950000 722 
5.170000 709 
5.360000 696 
5.570000 684 
5.770000 672 
5.960000 661 
6.150000 651 
6.360000 640 
6.550000 630 
6.760000 619 
6.950000 610 
7.150000 600 
7.360000 591 
7.550000 582 
7.760000 573 
7.960000 565 
8.160000 556 
8.360000 548 
8.550000 540 
8.780000 531 
8.970000 524 
9.170000 517 
9.380000 509 
9.580000 503 
9.780000 496 
9.970000 490 
10.180000 484 
10.380000 478 
10.580000 473 
10.780000 467 
10.980000 462 
11.170000 458 
11.370000 453 
11.570000 449 
11.780000 444 
11.970000 440 
12.160000 436 
12.370000 432 
12.560000 428 
12.770000 424 
12.970000 420 
13.170000 416 
13.360000 413 
13.560000 409 
13.790000 405 
13.970000 401 
14.170000 398 
14.390000 394 
14.580000 390 
14.790000 386 
14.970000 383 
15.180000 379 
15.380000 376 
15.580000 372 
15.780000 368 
15.980000 365 
16.170000 361 
16.370001 357 
16.570000 354 
16.780001 350 
16.969999 346 
17.160000 342 
17.370001 338 
17.559999 335 
17.770000 331 
17.959999 327 
18.160000 323 
18.350000 319 
18.540001 315 
18.770000 311 
18.940001 307 
19.139999 303 
19.350000 299 
19.530001 296 
19.730000 292 
19.910000 288 
20.110001 284 
20.299999 280 
20.500000 276 
20.690001 272 
20.879999 268 
21.059999 265 
21.260000 264 
21.450001 263 
21.650000 261 
21.840000 260 
21.840000 260 
21.840000 260 


-8.010000 4094 
-7.800000 3958 
-7.620000 3840 
-7.410000 3717 
-7.210000 3591 
-7.020000 3479 
-6.800000 3358 
-6.610000 3250 
-6.410000 3140 
-6.200000 3036 
-6.010000 2937 
-5.800000 2837 
-5.620000 2749 
-5.430000 2657 
-5.210000 2562 
-5.020000 2479 
-4.810000 2393 
-4.620000 2321 
-4.400000 2239 
-4.220000 2169 
-4.010000 2096 
-3.810000 2028 
-3.610000 1964 
-3.420000 1905 
-3.220000 1844 
-3.020000 1787 
-2.810000 1729 
-2.620000 1678 
-2.420000 1627 
-2.210000 1576 
-2.020000 1531 
-1.810000 1482 
-1.620000 1440 
-1.420000 1397 
-1.220000 1357 
-1.020000 1319 
-0.820000 1281 
-0.630000 1247 
-0.430000 1212 
-0.210000 1175 
-0.020000 1144 
0.180000 1112 
0.370000 1084 
0.580000 1053 
0.780000 1026 
0.980000 998 
1.180000 972 
1.380000 947 
1.570000 923 
1.770000 900 
1.970000 877 
2.180000 854 
2.370000 834 
2.570000 814 
2.770000 794 
2.970000 776 
3.180000 757 
3.370000 740 
3.570000 724 
3.770000 708 
3.960000 693 
4.150000 680 
4.330000 667 
4.530000 654 
4.750000 640 
4.940000 628 
5.150000 616 
5.330000 606 
5.550000 595 
5.740000 585 
5.940000 575 
6.140000 566 
6.340000 557 
6.530000 549 
6.730000 541 
6.930000 534 
7.140000 526 
7.330000 519 
7.520000 512 
7.730000 505 
7.920000 498 
8.130000 492 
8.330000 485 
8.530000 479 
8.730000 473 
8.920000 468 
9.120000 462 
9.310000 456 
9.510000 451 
9.720000 444 
9.920000 439 
10.120000 434 
10.300000 429 
10.520000 423 
10.710000 418 
10.910000 412 
11.110000 407 
11.310000 402 
11.500000 397 
11.700000 392 
11.900000 387 
12.100000 381 
12.290000 377 
12.490000 372 
12.700000 366 
12.890000 361 
13.090000 356 
13.290000 351 
13.490000 346 
13.680000 341 
13.880000 336 
14.090000 330 
14.270000 326 
14.470000 320 
14.680000 315 
14.880000 310 
15.080000 304 
15.260000 299 
15.480000 294 
15.670000 288 
15.880000 283 
16.080000 277 
16.270000 272 
16.459999 267 
16.660000 261 
16.860001 256 
17.070000 250 
17.260000 245 
17.450001 239 
17.660000 233 
17.850000 227 
18.059999 221 
18.240000 216 
18.440001 210 
18.629999 204 
18.820000 198 
19.020000 192 
19.200001 186 
19.389999 180 
19.600000 173 
19.790001 167 
19.990000 161 
20.160000 155 
20.370001 149 
20.559999 142 
20.750000 136 
20.950001 130 
21.139999 123 
21.320000 117 
21.520000 116 
21.709999 113 
21.920000 109 
21.920000 109 


-8.060000 4095 
-7.870000 4061 
-7.670000 3962 
-7.460000 3859 
-7.270000 3760 
-7.060000 3654 
-6.870000 3556 
-6.670000 3457 
-6.470000 3359 
-6.280000 3264 
-6.050000 3156 
-5.860000 3068 
-5.670000 2973 
-5.440000 2873 
-5.260000 2786 
-5.050000 2695 
-4.880000 2614 
-4.650000 2521 
-4.460000 2440 
-4.260000 2358 
-4.070000 2278 
-3.870000 2203 
-3.670000 2133 
-3.480000 2060 
-3.280000 1991 
-3.070000 1920 
-2.880000 1857 
-2.680000 1794 
-2.470000 1732 
-2.280000 1675 
-2.070000 1615 
-1.880000 1562 
-1.680000 1509 
-1.480000 1459 
-1.290000 1412 
-1.060000 1359 
-0.870000 1318 
-0.680000 1274 
-0.460000 1229 
-0.260000 1191 
-0.060000 1152 
0.120000 1118 
0.340000 1081 
0.530000 1048 
0.730000 1015 
0.940000 984 
1.130000 954 
1.320000 927 
1.520000 899 
1.720000 872 
1.930000 845 
2.120000 822 
2.320000 799 
2.530000 775 
2.720000 754 
2.930000 731 
3.120000 712 
3.330000 692 
3.520000 673 
3.720000 655 
3.930000 637 
4.110000 621 
4.310000 605 
4.520000 588 
4.720000 573 
4.920000 558 
5.110000 544 
5.320000 529 
5.510000 516 
5.720000 503 
5.920000 490 
6.120000 478 
6.310000 467 
6.510000 455 
6.710000 444 
6.910000 432 
7.100000 422 
7.300000 411 
7.510000 401 
7.700000 391 
7.910000 380 
8.110000 371 
8.310000 362 
8.510000 353 
8.700000 344 
8.930000 335 
9.110000 327 
9.310000 320 
9.530000 312 
9.720000 305 
9.930000 298 
10.110000 292 
10.330000 285 
10.520000 279 
10.720000 273 
10.920000 268 
11.120000 263 
11.310000 258 
11.510000 253 
11.710000 248 
11.920000 243 
12.100000 239 
12.300000 235 
12.510000 230 
12.700000 226 
12.910000 221 
13.100000 217 
13.300000 213 
13.500000 209 
13.690000 205 
13.920000 200 
14.100000 197 
14.300000 192 
14.520000 188 
14.710000 184 
14.920000 180 
15.100000 176 
15.310000 172 
15.500000 168 
15.710000 163 
15.910000 159 
16.100000 155 
16.290001 151 
16.490000 147 
16.690001 143 
16.900000 138 
17.090000 134 
17.290001 130 
17.490000 125 
17.680000 121 
17.889999 117 
18.080000 112 
18.280001 108 
18.469999 103 
18.660000 99 
18.879999 94 
19.059999 90 
19.250000 85 
19.459999 80 
19.639999 76 
19.840000 71 
20.020000 67 
20.219999 62 
20.410000 57 
20.610001 52 
20.799999 48 
20.990000 43 
21.170000 39 
21.370001 34 
21.559999 29 
21.770000 25 
21.950001 20 
21.950001 20 


-8.030000 4095 
-7.830000 4053 
-7.620000 3957 
-7.440000 3869 
-7.230000 3773 
-7.030000 3684 
-6.830000 3590 
-6.640000 3500 
-6.440000 3408 
-6.220000 3306 
-6.040000 3222 
-5.830000 3131 
-5.620000 3036 
-5.430000 2952 
-5.210000 2863 
-5.040000 2785 
-4.820000 2694 
-4.630000 2616 
-4.420000 2534 
-4.230000 2458 
-4.030000 2381 
-3.840000 2312 
-3.640000 2238 
-3.440000 2169 
-3.230000 2097 
-3.040000 2032 
-2.840000 1970 
-2.640000 1906 
-2.450000 1849 
-2.230000 1787 
-2.040000 1733 
-1.840000 1679 
-1.640000 1626 
-1.450000 1579 
-1.220000 1526 
-1.030000 1484 
-0.830000 1441 
-0.620000 1395 
-0.420000 1356 
-0.220000 1317 
-0.030000 1284 
0.180000 1246 
0.370000 1213 
0.580000 1180 
0.780000 1150 
0.970000 1120 
1.160000 1092 
1.370000 1065 
1.570000 1038 
1.770000 1012 
1.960000 989 
2.160000 966 
2.370000 944 
2.560000 923 
2.770000 901 
2.970000 882 
3.170000 863 
3.370000 845 
3.560000 828 
3.770000 810 
3.950000 795 
4.160000 779 
4.370000 763 
4.560000 749 
4.770000 735 
4.950000 722 
5.170000 709 
5.360000 696 
5.570000 684 
5.770000 672 
5.960000 661 
6.150000 651 
6.360000 640 
6.550000 630 
6.760000 619 
6.950000 610 
7.150000 600 
7.360000 591 
7.550000 582 
7.760000 573 
7.960000 565 
8.160000 556 
8.360000 548 
8.550000 540 
8.780000 531 
8.970000 524 
9.170000 517 
9.380000 509 
9.580000 503 
9.780000 496 
9.970000 490 
10.180000 484 
10.380000 478 
10.580000 473 
10.780000 467 
10.980000 462 
11.170000 458 
11.370000 453 
11.570000 449 
11.780000 444 
11.970000 440 
12.160000 436 
12.370000 432 
12.560000 428 
12.770000 424 
12.970000 420 
13.170000 416 
13.360000 413 
13.560000 409 
13.790000 405 
13.970000 401 
14.170000 398 
14.390000 394 
14.580000 390 
14.790000 386 
14.970000 383 
15.180000 379 
15.380000 376 
15.580000 372 
15.780000 368 
15.980000 365 
16.170000 361 
16.370001 357 
16.570000 354 
16.780001 350 
16.969999 346 
17.160000 342 
17.370001 338 
17.559999 335 
17.770000 331 
17.959999 327 
18.160000 323 
18.350000 319 
18.540001 315 
18.770000 311 
18.940001 307 
19.139999 303 
19.350000 299 
19.530001 296 
19.730000 292 
19.910000 288 
20.110001 284 
20.299999 280 
20.500000 276 
20.690001 272 
20.879999 268 
21.059999 265 
21.260000 264 
21.450001 263 
21.650000 261 
21.840000 260 
21.840000 260 
21.840000 260 


-8.010000 4094 
-7.800000 3958 
-7.620000 3840 
-7.410000 3717 
-7.210000 3591 
-7.020000 3479 
-6.800000 3358 
-6.610000 3250 
-6.410000 3140 
-6.200000 3036 
-6.010000 2937 
-5.800000 2837 
-5.620000 2749 
-5.430000 2657 
-5.210000 2562 
-5.020000 2479 
-4.810000 2393 
-4.620000 2321 
-4.400000 2239 
-4.220000 2169 
-4.010000 2096 
-3.810000 2028 
-3.610000 1964 
-3.420000 1905 
-3.220000 1844 
-3.020000 1787 
-2.810000 1729 
-2.620000 1678 
-2.420000 1627 
-2.210000 1576 
-2.020000 1531 
-1.810000 1482 
-1.620000 1440 
-1.420000 1397 
-1.220000 1357 
-1.020000 1319 
-0.820000 1281 
-0.630000 1247 
-0.430000 1212 
-0.210000 1175 
-0.020000 1144 
0.180000 1112 
0.370000 1084 
0.580000 1053 
0.780000 1026 
0.980000 998 
1.180000 972 
1.380000 947 
1.570000 923 
1.770000 900 
1.970000 877 
2.180000 854 
2.370000 834 
2.570000 814 
2.770000 794 
2.970000 776 
3.180000 757 
3.370000 740 
3.570000 724 
3.770000 708 
3.960000 693 
4.150000 680 
4.330000 667 
4.530000 654 
4.750000 640 
4.940000 628 
5.150000 616 
5.330000 606 
5.550000 595 
5.740000 585 
5.940000 575 
6.140000 566 
6.340000 557 
6.530000 549 
6.730000 541 
6.930000 534 
7.140000 526 
7.330000 519 
7.520000 512 
7.730000 505 
7.920000 498 
8.130000 492 
8.330000 485 
8.530000 479 
8.730000 473 
8.920000 468 
9.120000 462 
9.310000 456 
9.510000 451 
9.720000 444 
9.920000 439 
10.120000 434 
10.300000 429 
10.520000 423 
10.710000 418 
10.910000 412 
11.110000 407 
11.310000 402 
11.500000 397 
11.700000 392 
11.900000 387 
12.100000 381 
12.290000 377 
12.490000 372 
12.700000 366 
12.890000 361 
13.090000 356 
13.290000 351 
13.490000 346 
13.680000 341 
13.880000 336 
14.090000 330 
14.270000 326 
14.470000 320 
14.680000 315 
14.880000 310 
15.080000 304 
15.260000 299 
15.480000 294 
15.670000 288 
15.880000 283 
16.080000 277 
16.270000 272 
16.459999 267 
16.660000 261 
16.860001 256 
17.070000 250 
17.260000 245 
17.450001 239 
17.660000 233 
17.850000 227 
18.059999 221 
18.240000 216 
18.440001 210 
18.629999 204 
18.820000 198 
19.020000 192 
19.200001 186 
19.389999 180 
19.600000 173 
19.790001 167 
19.990000 161 
20.160000 155 
20.370001 149 
20.559999 142 
20.750000 136 
20.950001 130 
21.139999 123 
21.320000 117 
21.520000 116 
21.709999 113 
21.920000 109 
21.920000 109 


-8.060000 4095 
-7.870000 4061 
-7.670000 3962 
-7.460000 3859 
-7.270000 3760 
-7.060000 3654 
-6.870000 3556 
-6.670000 3457 
-6.470000 3359 
-6.280000 3264 
-6.050000 3156 
-5.860000 3068 
-5.670000 2973 
-5.440000 2873 
-5.260000 2786 
-5.050000 2695 
-4.880000 2614 
-4.650000 2521 
-4.460000 2440 
-4.260000 2358 
-4.070000 2278 
-3.870000 2203 
-3.670000 2133 
-3.480000 2060 
-3.280000 1991 
-3.070000 1920 
-2.880000 1857 
-2.680000 1794 
-2.470000 1732 
-2.280000 1675 
-2.070000 1615 
-1.880000 1562 
-1.680000 1509 
-1.480000 1459 
-1.290000 1412 
-1.060000 1359 
-0.870000 1318 
-0.680000 1274 
-0.460000 1229 
-0.260000 1191 
-0.060000 1152 
0.120000 1118 
0.340000 1081 
0.530000 1048 
0.730000 1015 
0.940000 984 
1.130000 954 
1.320000 927 
1.520000 899 
1.720000 872 
1.930000 845 
2.120000 822 
2.320000 799 
2.530000 775 
2.720000 754 
2.930000 731 
3.120000 712 
3.330000 692 
3.520000 673 
3.720000 655 
3.930000 637 
4.110000 621 
4.310000 605 
4.520000 588 
4.720000 573 
4.920000 558 
5.110000 544 
5.320000 529 
5.510000 516 
5.720000 503 
5.920000 490 
6.120000 478 
6.310000 467 
6.510000 455 
6.710000 444 
6.910000 432 
7.100000 422 
7.300000 411 
7.510000 401 
7.700000 391 
7.910000 380 
8.110000 371 
8.310000 362 
8.510000 353 
8.700000 344 
8.930000 335 
9.110000 327 
9.310000 320 
9.530000 312 
9.720000 305 
9.930000 298 
10.110000 292 
10.330000 285 
10.520000 279 
10.720000 273 
10.920000 268 
11.120000 263 
11.310000 258 
11.510000 253 
11.710000 248 
11.920000 243 
12.100000 239 
12.300000 235 
12.510000 230 
12.700000 226 
12.910000 221 
13.100000 217 
13.300000 213 
13.500000 209 
13.690000 205 
13.920000 200 
14.100000 197 
14.300000 192 
14.520000 188 
14.710000 184 
14.920000 180 
15.100000 176 
15.310000 172 
15.500000 168 
15.710000 163 
15.910000 159 
16.100000 155 
16.290001 151 
16.490000 147 
16.690001 143 
16.900000 138 
17.090000 134 
17.290001 130 
17.490000 125 
17.680000 121 
17.889999 117 
18.080000 112 
18.280001 108 
18.469999 103 
18.660000 99 
18.879999 94 
19.059999 90 
19.250000 85 
19.459999 80 
19.639999 76 
19.840000 71 
20.020000 67 
20.219999 62 
20.410000 57 
20.610001 52 
20.799999 48 
20.990000 43 
21.170000 39 
21.370001 34 
21.559999 29 
21.770000 25 
21.950001 20 
21.950001 20 


-8.030000 4095 
-7.830000 4053 
-7.620000 3957 
-7.440000 3869 
-7.230000 3773 
-7.030000 3684 
-6.830000 3590 
-6.640000 3500 
-6.440000 3408 
-6.220000 3306 
-6.040000 3222 
-5.830000 3131 
-5.620000 3036 
-5.430000 2952 
-5.210000 2863 
-5.040000 2785 
-4.820000 2694 
-4.630000 2616 
-4.420000 2534 
-4.230000 2458 
-4.030000 2381 
-3.840000 2312 
-3.640000 2238 
-3.440000 2169 
-3.230000 2097 
-3.040000 2032 
-2.840000 1970 
-2.640000 1906 
-2.450000 1849 
-2.230000 1787 
-2.040000 1733 
-1.840000 1679 
-1.640000 1626 
-1.450000 1579 
-1.220000 1526 
-1.030000 1484 
-0.830000 1441 
-0.620000 1395 
-0.420000 1356 
-0.220000 1317 
-0.030000 1284 
0.180000 1246 
0.370000 1213 
0.580000 1180 
0.780000 1150 
0.970000 1120 
1.160000 1092 
1.370000 1065 
1.570000 1038 
1.770000 1012 
1.960000 989 
2.160000 966 
2.370000 944 
2.560000 923 
2.770000 901 
2.970000 882 
3.170000 863 
3.370000 845 
3.560000 828 
3.770000 810 
3.950000 795 
4.160000 779 
4.370000 763 
4.560000 749 
4.770000 735 
4.950000 722 
5.170000 709 
5.360000 696 
5.570000 684 
5.770000 672 
5.960000 661 
6.150000 651 
6.360000 640 
6.550000 630 
6.760000 619 
6.950000 610 
7.150000 600 
7.360000 591 
7.550000 582 
7.760000 573 
7.960000 565 
8.160000 556 
8.360000 548 
8.550000 540 
8.780000 531 
8.970000 524 
9.170000 517 
9.380000 509 
9.580000 503 
9.780000 496 
9.970000 490 
10.180000 484 
10.380000 478 
10.580000 473 
10.780000 467 
10.980000 462 
11.170000 458 
11.370000 453 
11.570000 449 
11.780000 444 
11.970000 440 
12.160000 436 
12.370000 432 
12.560000 428 
12.770000 424 
12.970000 420 
13.170000 416 
13.360000 413 
13.560000 409 
13.790000 405 
13.970000 401 
14.170000 398 
14.390000 394 
14.580000 390 
14.790000 386 
14.970000 383 
15.180000 379 
15.380000 376 
15.580000 372 
15.780000 368 
15.980000 365 
16.170000 361 
16.370001 357 
16.570000 354 
16.780001 350 
16.969999 346 
17.160000 342 
17.370001 338 
17.559999 335 
17.770000 331 
17.959999 327 
18.160000 323 
18.350000 319 
18.540001 315 
18.770000 311 
18.940001 307 
19.139999 303 
19.350000 299 
19.530001 296 
19.730000 292 
19.910000 288 
20.110001 284 
20.299999 280 
20.500000 276 
20.690001 272 
20.879999 268 
21.059999 265 
21.260000 264 
21.450001 263 
21.650000 261 
21.840000 260 
21.840000 260 
21.840000 260 
