0.000002
0.087807
0.175612
0.263416
0.351221
0.439026
0.526831
0.614636
0.702441
0.790246
0.878051
0.965855
1.053660
1.141465
1.229270
1.317075
1.404880
1.492685
1.580490
1.668294
1.756099
1.843904
1.931709
2.019514
2.107319
2.195124
2.282929
2.370733
2.458538
2.546343
2.634148
2.721953
2.809758
2.897563
2.985368
3.073172
3.160977
3.248782
3.336587
3.424392
3.512197
3.600002
3.687807
3.775612
3.863416
3.951221
4.039026
4.126831
4.214636
4.302441
4.390246
4.478051
4.565855
4.653660
4.741465
4.829270
4.917075
5.004880
5.092685
5.180490
5.268294
5.356099
5.443904
5.531709
5.619514
5.707319
5.795124
5.882929
5.970733
6.058538
6.146343
6.234148
6.321953
6.409758
6.497563
6.585368
6.673172
6.760977
6.848782
6.936587
7.024392
7.112197
7.200002
7.287807
7.375611
7.463416
7.551221
7.639026
7.726831
7.814636
7.902441
7.990246
8.078050
8.165855
8.253660
8.341465
8.429270
8.517075
8.604880
8.692685
8.780489
8.868294
8.956099
9.043904
9.131709
9.219514
9.307319
9.395124
9.482928
9.570733
9.658538
9.746343
9.834148
9.921953
10.009758
10.097563
10.185367
10.273172
10.360977
10.448782
10.536587
10.624392
10.712197
10.800002
10.887806
10.975611
11.063416
11.151221
11.239026
11.326831
11.414636
11.502441
11.590245
11.678050
11.765855
11.853660
11.941465
12.029270
12.117075
12.204880
12.292685
12.380489
12.468294
12.556099
12.643904
12.731709
12.819514
12.907319
12.995124
13.082928
13.170733
13.258538
13.346343
13.434148
13.521953
13.609758
13.697563
13.785367
13.873172
13.960977
14.048782
14.136587
14.224392
14.312197
14.400002
14.487806
14.575611
14.663416
14.751221
14.839026
14.926831
15.014636
15.102441
15.190245
15.278050
15.365855
15.453660
15.541465
15.629270
15.717075
15.804880
15.892684
15.980489
16.068294
16.156099
16.243904
16.331709
16.419514
16.507319
16.595123
16.682928
16.770733
16.858538
16.946343
17.034148
17.121953
17.209758
17.297562
17.385367
17.473172
17.560977
17.648782
17.736587
17.824392
17.912197
18.000001
18.087806
18.175611
18.263416
18.351221
18.439026
18.526831
18.614636
18.702440
18.790245
18.878050
18.965855
19.053660
19.141465
19.229270
19.317075
19.404879
19.492684
19.580489
19.668294
19.756099
19.843904
19.931709
20.019514
20.107318
20.195123
20.282928
20.370733
20.458538
20.546343
20.634148
20.721953
20.809758
20.897562
20.985367
21.073172
21.160977
21.248782
21.336587
21.424392
21.512197
21.600001
21.687806
21.775611
21.863416
21.951221
22.039026
22.126831
22.214636
22.302440
22.390245
22.478050
22.565855
22.653660
22.741465
22.829270
22.917075
23.004879
23.092684
23.180489
23.268294
23.356099
23.443904
23.531709
23.619514
23.707318
23.795123
23.882928
23.970733
24.058538
24.146343
24.234148
24.321953
24.409757
24.497562
24.585367
24.673172
24.760977
24.848782
24.936587
25.024392
25.112196
25.200001
25.287806
25.375611
25.463416
25.551221
25.639026
25.726831
25.814635
25.902440
25.990245
26.078050
26.165855
26.253660
26.341465
26.429270
26.517074
26.604879
26.692684
26.780489
26.868294
26.956099
27.043904
27.131709
27.219513
27.307318
27.395123
27.482928
27.570733
27.658538
27.746343
27.834148
27.921952
28.009757
28.097562
28.185367
28.273172
28.360977
28.448782
28.536587
28.624391
28.712196
28.800001
28.887806
28.975611
29.063416
29.151221
29.239026
29.326830
29.414635
29.502440
29.590245
29.678050
29.765855
29.853660
29.941465
30.029270
30.117074
30.204879
30.292684
30.380489
30.468294
30.556099
30.643904
30.731709
30.819513
30.907318
30.995123
31.082928
31.170733
31.258538
31.346343
31.434148
31.521952
31.609757
31.697562
31.785367
31.873172
31.960977
32.048782
32.136587
32.224391
32.312196
32.400001
32.487806
32.575611
32.663416
32.751221
32.839026
32.926830
33.014635
33.102440
33.190245
33.278050
33.365855
33.453660
33.541465
33.629269
33.717074
33.804879
33.892684
33.980489
34.068294
34.156099
34.243904
34.331708
34.419513
34.507318
34.595123
34.682928
34.770733
34.858538
34.946343
35.034147
35.121952
35.209757
35.297562
35.385367
35.473172
35.560977
35.648782
35.736586
35.824391
35.912196
36.000001
36.087806
36.175611
36.263416
36.351221
36.439025
36.526830
36.614635
36.702440
36.790245
36.878050
36.965855
37.053660
37.141464
37.229269
37.317074
37.404879
37.492684
37.580489
37.668294
37.756099
37.843903
37.931708
38.019513
38.107318
38.195123
38.282928
38.370733
38.458538
38.546343
38.634147
38.721952
38.809757
38.897562
38.985367
39.073172
39.160977
39.248782
39.336586
39.424391
39.512196
39.600001
39.687806
39.775611
39.863416
39.951221
40.039025
40.126830
40.214635
40.302440
40.390245
40.478050
40.565855
40.653660
40.741464
40.829269
40.917074
41.004879
41.092684
41.180489
41.268294
41.356099
41.443903
41.531708
41.619513
41.707318
41.795123
41.882928
41.970733
42.058538
42.146342
42.234147
42.321952
42.409757
42.497562
42.585367
42.673172
42.760977
42.848781
42.936586
43.024391
43.112196
43.200001
43.287806
43.375611
43.463416
43.551220
43.639025
43.726830
43.814635
43.902440
43.990245
44.078050
44.165855
44.253659
44.341464
44.429269
44.517074
44.604879
44.692684
44.780489
44.868294
44.956098
45.043903
45.131708
45.219513
45.307318
45.395123
45.482928
45.570733
45.658537
45.746342
45.834147
45.921952
46.009757
46.097562
46.185367
46.273172
46.360976
46.448781
46.536586
46.624391
46.712196
46.800001
46.887806
46.975611
47.063416
47.151220
47.239025
47.326830
47.414635
47.502440
47.590245
47.678050
47.765855
47.853659
47.941464
48.029269
48.117074
48.204879
48.292684
48.380489
48.468294
48.556098
48.643903
48.731708
48.819513
48.907318
48.995123
49.082928
49.170733
49.258537
49.346342
49.434147
49.521952
49.609757
49.697562
49.785367
49.873172
49.960976
50.048781
50.136586
50.224391
50.312196
50.400001
50.487806
50.575611
50.663415
50.751220
50.839025
50.926830
51.014635
51.102440
51.190245
51.278050
51.365854
51.453659
51.541464
51.629269
51.717074
51.804879
51.892684
51.980489
52.068293
52.156098
52.243903
52.331708
52.419513
52.507318
52.595123
52.682928
52.770732
52.858537
52.946342
53.034147
53.121952
53.209757
53.297562
53.385367
53.473171
53.560976
53.648781
53.736586
53.824391
53.912196
54.000001
54.087806
54.175610
54.263415
54.351220
54.439025
54.526830
54.614635
54.702440
54.790245
54.878049
54.965854
55.053659
55.141464
55.229269
55.317074
55.404879
55.492684
55.580489
55.668293
55.756098
55.843903
55.931708
56.019513
56.107318
56.195123
56.282928
56.370732
56.458537
56.546342
56.634147
56.721952
56.809757
56.897562
56.985367
57.073171
57.160976
57.248781
57.336586
57.424391
57.512196
57.600001
57.687806
57.775610
57.863415
57.951220
58.039025
58.126830
58.214635
58.302440
58.390245
58.478049
58.565854
58.653659
58.741464
58.829269
58.917074
59.004879
59.092684
59.180488
59.268293
59.356098
59.443903
59.531708
59.619513
59.707318
59.795123
59.882927
59.970732
60.058537
60.146342
60.234147
60.321952
60.409757
60.497562
60.585366
60.673171
60.760976
60.848781
60.936586
61.024391
61.112196
61.200001
61.287805
61.375610
61.463415
61.551220
61.639025
61.726830
61.814635
61.902440
61.990244
62.078049
62.165854
62.253659
62.341464
62.429269
62.517074
62.604879
62.692683
62.780488
62.868293
62.956098
63.043903
63.131708
63.219513
63.307318
63.395122
63.482927
63.570732
63.658537
63.746342
63.834147
63.921952
64.009757
64.097562
64.185366
64.273171
64.360976
64.448781
64.536586
64.624391
64.712196
64.800001
64.887805
64.975610
65.063415
65.151220
65.239025
65.326830
65.414635
65.502440
65.590244
65.678049
65.765854
65.853659
65.941464
66.029269
66.117074
66.204879
66.292683
66.380488
66.468293
66.556098
66.643903
66.731708
66.819513
66.907318
66.995122
67.082927
67.170732
67.258537
67.346342
67.434147
67.521952
67.609757
67.697561
67.785366
67.873171
67.960976
68.048781
68.136586
68.224391
68.312196
68.400000
68.487805
68.575610
68.663415
68.751220
68.839025
68.926830
69.014635
69.102439
69.190244
69.278049
69.365854
69.453659
69.541464
69.629269
69.717074
69.804878
69.892683
69.980488
70.068293
70.156098
70.243903
70.331708
70.419513
70.507317
70.595122
70.682927
70.770732
70.858537
70.946342
71.034147
71.121952
71.209756
71.297561
71.385366
71.473171
71.560976
71.648781
71.736586
71.824391
71.912195
72.000000
72.087805
72.175610
72.263415
72.351220
72.439025
72.526830
72.614634
72.702439
72.790244
72.878049
72.965854
73.053659
73.141464
73.229269
73.317074
73.404878
73.492683
73.580488
73.668293
73.756098
73.843903
73.931708
74.019513
74.107317
74.195122
74.282927
74.370732
74.458537
74.546342
74.634147
74.721952
74.809756
74.897561
74.985366
75.073171
75.160976
75.248781
75.336586
75.424391
75.512195
75.600000
75.687805
75.775610
75.863415
75.951220
76.039025
76.126830
76.214634
76.302439
76.390244
76.478049
76.565854
76.653659
76.741464
76.829269
76.917073
77.004878
77.092683
77.180488
77.268293
77.356098
77.443903
77.531708
77.619512
77.707317
77.795122
77.882927
77.970732
78.058537
78.146342
78.234147
78.321951
78.409756
78.497561
78.585366
78.673171
78.760976
78.848781
78.936586
79.024390
79.112195
79.200000
79.287805
79.375610
79.463415
79.551220
79.639025
79.726829
79.814634
79.902439
79.990244
80.078049
80.165854
80.253659
80.341464
80.429268
80.517073
80.604878
80.692683
80.780488
80.868293
80.956098
81.043903
81.131707
81.219512
81.307317
81.395122
81.482927
81.570732
81.658537
81.746342
81.834147
81.921951
82.009756
82.097561
82.185366
82.273171
82.360976
82.448781
82.536586
82.624390
82.712195
82.800000
82.887805
82.975610
83.063415
83.151220
83.239025
83.326829
83.414634
83.502439
83.590244
83.678049
83.765854
83.853659
83.941464
84.029268
84.117073
84.204878
84.292683
84.380488
84.468293
84.556098
84.643903
84.731707
84.819512
84.907317
84.995122
85.082927
85.170732
85.258537
85.346342
85.434146
85.521951
85.609756
85.697561
85.785366
85.873171
85.960976
86.048781
86.136585
86.224390
86.312195
86.400000
86.487805
86.575610
86.663415
86.751220
86.839024
86.926829
87.014634
87.102439
87.190244
87.278049
87.365854
87.453659
87.541463
87.629268
87.717073
87.804878
87.892683
87.980488
88.068293
88.156098
88.243902
88.331707
88.419512
88.507317
88.595122
88.682927
88.770732
88.858537
88.946341
89.034146
89.121951
89.209756
89.297561
89.385366
89.473171
89.560976
89.648780
89.736585
89.824390
89.912195
90.000002
90.087807
90.175612
90.263416
90.351221
90.439026
90.526831
90.614636
90.702441
90.790246
90.878051
90.965855
91.053660
91.141465
91.229270
91.317075
91.404880
91.492685
91.580490
91.668294
91.756099
91.843904
91.931709
92.019514
92.107319
92.195124
92.282929
92.370733
92.458538
92.546343
92.634148
92.721953
92.809758
92.897563
92.985368
93.073172
93.160977
93.248782
93.336587
93.424392
93.512197
93.600002
93.687807
93.775612
93.863416
93.951221
94.039026
94.126831
94.214636
94.302441
94.390246
94.478051
94.565855
94.653660
94.741465
94.829270
94.917075
95.004880
95.092685
95.180490
95.268294
95.356099
95.443904
95.531709
95.619514
95.707319
95.795124
95.882929
95.970733
96.058538
96.146343
96.234148
96.321953
96.409758
96.497563
96.585368
96.673172
96.760977
96.848782
96.936587
97.024392
97.112197
97.200002
97.287807
97.375611
97.463416
97.551221
97.639026
97.726831
97.814636
97.902441
97.990246
98.078050
98.165855
98.253660
98.341465
98.429270
98.517075
98.604880
98.692685
98.780489
98.868294
98.956099
99.043904
99.131709
99.219514
99.307319
99.395124
99.482928
99.570733
99.658538
99.746343
99.834148
99.921953
100.009758
100.097563
100.185367
100.273172
100.360977
100.448782
100.536587
100.624392
100.712197
100.800002
100.887806
100.975611
101.063416
101.151221
101.239026
101.326831
101.414636
101.502441
101.590245
101.678050
101.765855
101.853660
101.941465
102.029270
102.117075
102.204880
102.292685
102.380489
102.468294
102.556099
102.643904
102.731709
102.819514
102.907319
102.995124
103.082928
103.170733
103.258538
103.346343
103.434148
103.521953
103.609758
103.697563
103.785367
103.873172
103.960977
104.048782
104.136587
104.224392
104.312197
104.400002
104.487806
104.575611
104.663416
104.751221
104.839026
104.926831
105.014636
105.102441
105.190245
105.278050
105.365855
105.453660
105.541465
105.629270
105.717075
105.804880
105.892684
105.980489
106.068294
106.156099
106.243904
106.331709
106.419514
106.507319
106.595123
106.682928
106.770733
106.858538
106.946343
107.034148
107.121953
107.209758
107.297562
107.385367
107.473172
107.560977
107.648782
107.736587
107.824392
107.912197
108.000001
108.087806
108.175611
108.263416
108.351221
108.439026
108.526831
108.614636
108.702440
108.790245
108.878050
108.965855
109.053660
109.141465
109.229270
109.317075
109.404879
109.492684
109.580489
109.668294
109.756099
109.843904
109.931709
110.019514
110.107318
110.195123
110.282928
110.370733
110.458538
110.546343
110.634148
110.721953
110.809758
110.897562
110.985367
111.073172
111.160977
111.248782
111.336587
111.424392
111.512197
111.600001
111.687806
111.775611
111.863416
111.951221
112.039026
112.126831
112.214636
112.302440
112.390245
112.478050
112.565855
112.653660
112.741465
112.829270
112.917075
113.004879
113.092684
113.180489
113.268294
113.356099
113.443904
113.531709
113.619514
113.707318
113.795123
113.882928
113.970733
114.058538
114.146343
114.234148
114.321953
114.409757
114.497562
114.585367
114.673172
114.760977
114.848782
114.936587
115.024392
115.112196
115.200001
115.287806
115.375611
115.463416
115.551221
115.639026
115.726831
115.814635
115.902440
115.990245
116.078050
116.165855
116.253660
116.341465
116.429270
116.517074
116.604879
116.692684
116.780489
116.868294
116.956099
117.043904
117.131709
117.219513
117.307318
117.395123
117.482928
117.570733
117.658538
117.746343
117.834148
117.921952
118.009757
118.097562
118.185367
118.273172
118.360977
118.448782
118.536587
118.624391
118.712196
118.800001
118.887806
118.975611
119.063416
119.151221
119.239026
119.326830
119.414635
119.502440
119.590245
119.678050
119.765855
119.853660
119.941465
120.029270
120.117074
120.204879
120.292684
120.380489
120.468294
120.556099
120.643904
120.731709
120.819513
120.907318
120.995123
121.082928
121.170733
121.258538
121.346343
121.434148
121.521952
121.609757
121.697562
121.785367
121.873172
121.960977
122.048782
122.136587
122.224391
122.312196
122.400001
122.487806
122.575611
122.663416
122.751221
122.839026
122.926830
123.014635
123.102440
123.190245
123.278050
123.365855
123.453660
123.541465
123.629269
123.717074
123.804879
123.892684
123.980489
124.068294
124.156099
124.243904
124.331708
124.419513
124.507318
124.595123
124.682928
124.770733
124.858538
124.946343
125.034147
125.121952
125.209757
125.297562
125.385367
125.473172
125.560977
125.648782
125.736586
125.824391
125.912196
126.000001
126.087806
126.175611
126.263416
126.351221
126.439025
126.526830
126.614635
126.702440
126.790245
126.878050
126.965855
127.053660
127.141464
127.229269
127.317074
127.404879
127.492684
127.580489
127.668294
127.756099
127.843903
127.931708
128.019513
128.107318
128.195123
128.282928
128.370733
128.458538
128.546343
128.634147
128.721952
128.809757
128.897562
128.985367
129.073172
129.160977
129.248782
129.336586
129.424391
129.512196
129.600001
129.687806
129.775611
129.863416
129.951221
130.039025
130.126830
130.214635
130.302440
130.390245
130.478050
130.565855
130.653660
130.741464
130.829269
130.917074
131.004879
131.092684
131.180489
131.268294
131.356099
131.443903
131.531708
131.619513
131.707318
131.795123
131.882928
131.970733
132.058538
132.146342
132.234147
132.321952
132.409757
132.497562
132.585367
132.673172
132.760977
132.848781
132.936586
133.024391
133.112196
133.200001
133.287806
133.375611
133.463416
133.551220
133.639025
133.726830
133.814635
133.902440
133.990245
134.078050
134.165855
134.253659
134.341464
134.429269
134.517074
134.604879
134.692684
134.780489
134.868294
134.956098
135.043903
135.131708
135.219513
135.307318
135.395123
135.482928
135.570733
135.658537
135.746342
135.834147
135.921952
136.009757
136.097562
136.185367
136.273172
136.360976
136.448781
136.536586
136.624391
136.712196
136.800001
136.887806
136.975611
137.063416
137.151220
137.239025
137.326830
137.414635
137.502440
137.590245
137.678050
137.765855
137.853659
137.941464
138.029269
138.117074
138.204879
138.292684
138.380489
138.468294
138.556098
138.643903
138.731708
138.819513
138.907318
138.995123
139.082928
139.170733
139.258537
139.346342
139.434147
139.521952
139.609757
139.697562
139.785367
139.873172
139.960976
140.048781
140.136586
140.224391
140.312196
140.400001
140.487806
140.575611
140.663415
140.751220
140.839025
140.926830
141.014635
141.102440
141.190245
141.278050
141.365854
141.453659
141.541464
141.629269
141.717074
141.804879
141.892684
141.980489
142.068293
142.156098
142.243903
142.331708
142.419513
142.507318
142.595123
142.682928
142.770732
142.858537
142.946342
143.034147
143.121952
143.209757
143.297562
143.385367
143.473171
143.560976
143.648781
143.736586
143.824391
143.912196
144.000001
144.087806
144.175610
144.263415
144.351220
144.439025
144.526830
144.614635
144.702440
144.790245
144.878049
144.965854
145.053659
145.141464
145.229269
145.317074
145.404879
145.492684
145.580489
145.668293
145.756098
145.843903
145.931708
146.019513
146.107318
146.195123
146.282928
146.370732
146.458537
146.546342
146.634147
146.721952
146.809757
146.897562
146.985367
147.073171
147.160976
147.248781
147.336586
147.424391
147.512196
147.600001
147.687806
147.775610
147.863415
147.951220
148.039025
148.126830
148.214635
148.302440
148.390245
148.478049
148.565854
148.653659
148.741464
148.829269
148.917074
149.004879
149.092684
149.180488
149.268293
149.356098
149.443903
149.531708
149.619513
149.707318
149.795123
149.882927
149.970732
150.058537
150.146342
150.234147
150.321952
150.409757
150.497562
150.585366
150.673171
150.760976
150.848781
150.936586
151.024391
151.112196
151.200001
151.287805
151.375610
151.463415
151.551220
151.639025
151.726830
151.814635
151.902440
151.990244
152.078049
152.165854
152.253659
152.341464
152.429269
152.517074
152.604879
152.692683
152.780488
152.868293
152.956098
153.043903
153.131708
153.219513
153.307318
153.395122
153.482927
153.570732
153.658537
153.746342
153.834147
153.921952
154.009757
154.097562
154.185366
154.273171
154.360976
154.448781
154.536586
154.624391
154.712196
154.800001
154.887805
154.975610
155.063415
155.151220
155.239025
155.326830
155.414635
155.502440
155.590244
155.678049
155.765854
155.853659
155.941464
156.029269
156.117074
156.204879
156.292683
156.380488
156.468293
156.556098
156.643903
156.731708
156.819513
156.907318
156.995122
157.082927
157.170732
157.258537
157.346342
157.434147
157.521952
157.609757
157.697561
157.785366
157.873171
157.960976
158.048781
158.136586
158.224391
158.312196
158.400000
158.487805
158.575610
158.663415
158.751220
158.839025
158.926830
159.014635
159.102439
159.190244
159.278049
159.365854
159.453659
159.541464
159.629269
159.717074
159.804878
159.892683
159.980488
160.068293
160.156098
160.243903
160.331708
160.419513
160.507317
160.595122
160.682927
160.770732
160.858537
160.946342
161.034147
161.121952
161.209756
161.297561
161.385366
161.473171
161.560976
161.648781
161.736586
161.824391
161.912195
162.000000
162.087805
162.175610
162.263415
162.351220
162.439025
162.526830
162.614634
162.702439
162.790244
162.878049
162.965854
163.053659
163.141464
163.229269
163.317074
163.404878
163.492683
163.580488
163.668293
163.756098
163.843903
163.931708
164.019513
164.107317
164.195122
164.282927
164.370732
164.458537
164.546342
164.634147
164.721952
164.809756
164.897561
164.985366
165.073171
165.160976
165.248781
165.336586
165.424391
165.512195
165.600000
165.687805
165.775610
165.863415
165.951220
166.039025
166.126830
166.214634
166.302439
166.390244
166.478049
166.565854
166.653659
166.741464
166.829269
166.917073
167.004878
167.092683
167.180488
167.268293
167.356098
167.443903
167.531708
167.619512
167.707317
167.795122
167.882927
167.970732
168.058537
168.146342
168.234147
168.321951
168.409756
168.497561
168.585366
168.673171
168.760976
168.848781
168.936586
169.024390
169.112195
169.200000
169.287805
169.375610
169.463415
169.551220
169.639025
169.726829
169.814634
169.902439
169.990244
170.078049
170.165854
170.253659
170.341464
170.429268
170.517073
170.604878
170.692683
170.780488
170.868293
170.956098
171.043903
171.131707
171.219512
171.307317
171.395122
171.482927
171.570732
171.658537
171.746342
171.834147
171.921951
172.009756
172.097561
172.185366
172.273171
172.360976
172.448781
172.536586
172.624390
172.712195
172.800000
172.887805
172.975610
173.063415
173.151220
173.239025
173.326829
173.414634
173.502439
173.590244
173.678049
173.765854
173.853659
173.941464
174.029268
174.117073
174.204878
174.292683
174.380488
174.468293
174.556098
174.643903
174.731707
174.819512
174.907317
174.995122
175.082927
175.170732
175.258537
175.346342
175.434146
175.521951
175.609756
175.697561
175.785366
175.873171
175.960976
176.048781
176.136585
176.224390
176.312195
176.400000
176.487805
176.575610
176.663415
176.751220
176.839024
176.926829
177.014634
177.102439
177.190244
177.278049
177.365854
177.453659
177.541463
177.629268
177.717073
177.804878
177.892683
177.980488
178.068293
178.156098
178.243902
178.331707
178.419512
178.507317
178.595122
178.682927
178.770732
178.858537
178.946341
179.034146
179.121951
179.209756
179.297561
179.385366
179.473171
179.560976
179.648780
179.736585
179.824390
179.912195
180.000002
180.087807
180.175612
180.263416
180.351221
180.439026
180.526831
180.614636
180.702441
180.790246
180.878051
180.965855
181.053660
181.141465
181.229270
181.317075
181.404880
181.492685
181.580490
181.668294
181.756099
181.843904
181.931709
182.019514
182.107319
182.195124
182.282929
182.370733
182.458538
182.546343
182.634148
182.721953
182.809758
182.897563
182.985368
183.073172
183.160977
183.248782
183.336587
183.424392
183.512197
183.600002
183.687807
183.775612
183.863416
183.951221
184.039026
184.126831
184.214636
184.302441
184.390246
184.478051
184.565855
184.653660
184.741465
184.829270
184.917075
185.004880
185.092685
185.180490
185.268294
185.356099
185.443904
185.531709
185.619514
185.707319
185.795124
185.882929
185.970733
186.058538
186.146343
186.234148
186.321953
186.409758
186.497563
186.585368
186.673172
186.760977
186.848782
186.936587
187.024392
187.112197
187.200002
187.287807
187.375611
187.463416
187.551221
187.639026
187.726831
187.814636
187.902441
187.990246
188.078050
188.165855
188.253660
188.341465
188.429270
188.517075
188.604880
188.692685
188.780489
188.868294
188.956099
189.043904
189.131709
189.219514
189.307319
189.395124
189.482928
189.570733
189.658538
189.746343
189.834148
189.921953
190.009758
190.097563
190.185367
190.273172
190.360977
190.448782
190.536587
190.624392
190.712197
190.800002
190.887806
190.975611
191.063416
191.151221
191.239026
191.326831
191.414636
191.502441
191.590245
191.678050
191.765855
191.853660
191.941465
192.029270
192.117075
192.204880
192.292685
192.380489
192.468294
192.556099
192.643904
192.731709
192.819514
192.907319
192.995124
193.082928
193.170733
193.258538
193.346343
193.434148
193.521953
193.609758
193.697563
193.785367
193.873172
193.960977
194.048782
194.136587
194.224392
194.312197
194.400002
194.487806
194.575611
194.663416
194.751221
194.839026
194.926831
195.014636
195.102441
195.190245
195.278050
195.365855
195.453660
195.541465
195.629270
195.717075
195.804880
195.892684
195.980489
196.068294
196.156099
196.243904
196.331709
196.419514
196.507319
196.595123
196.682928
196.770733
196.858538
196.946343
197.034148
197.121953
197.209758
197.297562
197.385367
197.473172
197.560977
197.648782
197.736587
197.824392
197.912197
198.000001
198.087806
198.175611
198.263416
198.351221
198.439026
198.526831
198.614636
198.702440
198.790245
198.878050
198.965855
199.053660
199.141465
199.229270
199.317075
199.404879
199.492684
199.580489
199.668294
199.756099
199.843904
199.931709
200.019514
200.107318
200.195123
200.282928
200.370733
200.458538
200.546343
200.634148
200.721953
200.809758
200.897562
200.985367
201.073172
201.160977
201.248782
201.336587
201.424392
201.512197
201.600001
201.687806
201.775611
201.863416
201.951221
202.039026
202.126831
202.214636
202.302440
202.390245
202.478050
202.565855
202.653660
202.741465
202.829270
202.917075
203.004879
203.092684
203.180489
203.268294
203.356099
203.443904
203.531709
203.619514
203.707318
203.795123
203.882928
203.970733
204.058538
204.146343
204.234148
204.321953
204.409757
204.497562
204.585367
204.673172
204.760977
204.848782
204.936587
205.024392
205.112196
205.200001
205.287806
205.375611
205.463416
205.551221
205.639026
205.726831
205.814635
205.902440
205.990245
206.078050
206.165855
206.253660
206.341465
206.429270
206.517074
206.604879
206.692684
206.780489
206.868294
206.956099
207.043904
207.131709
207.219513
207.307318
207.395123
207.482928
207.570733
207.658538
207.746343
207.834148
207.921952
208.009757
208.097562
208.185367
208.273172
208.360977
208.448782
208.536587
208.624391
208.712196
208.800001
208.887806
208.975611
209.063416
209.151221
209.239026
209.326830
209.414635
209.502440
209.590245
209.678050
209.765855
209.853660
209.941465
210.029270
210.117074
210.204879
210.292684
210.380489
210.468294
210.556099
210.643904
210.731709
210.819513
210.907318
210.995123
211.082928
211.170733
211.258538
211.346343
211.434148
211.521952
211.609757
211.697562
211.785367
211.873172
211.960977
212.048782
212.136587
212.224391
212.312196
212.400001
212.487806
212.575611
212.663416
212.751221
212.839026
212.926830
213.014635
213.102440
213.190245
213.278050
213.365855
213.453660
213.541465
213.629269
213.717074
213.804879
213.892684
213.980489
214.068294
214.156099
214.243904
214.331708
214.419513
214.507318
214.595123
214.682928
214.770733
214.858538
214.946343
215.034147
215.121952
215.209757
215.297562
215.385367
215.473172
215.560977
215.648782
215.736586
215.824391
215.912196
216.000001
216.087806
216.175611
216.263416
216.351221
216.439025
216.526830
216.614635
216.702440
216.790245
216.878050
216.965855
217.053660
217.141464
217.229269
217.317074
217.404879
217.492684
217.580489
217.668294
217.756099
217.843903
217.931708
218.019513
218.107318
218.195123
218.282928
218.370733
218.458538
218.546343
218.634147
218.721952
218.809757
218.897562
218.985367
219.073172
219.160977
219.248782
219.336586
219.424391
219.512196
219.600001
219.687806
219.775611
219.863416
219.951221
220.039025
220.126830
220.214635
220.302440
220.390245
220.478050
220.565855
220.653660
220.741464
220.829269
220.917074
221.004879
221.092684
221.180489
221.268294
221.356099
221.443903
221.531708
221.619513
221.707318
221.795123
221.882928
221.970733
222.058538
222.146342
222.234147
222.321952
222.409757
222.497562
222.585367
222.673172
222.760977
222.848781
222.936586
223.024391
223.112196
223.200001
223.287806
223.375611
223.463416
223.551220
223.639025
223.726830
223.814635
223.902440
223.990245
224.078050
224.165855
224.253659
224.341464
224.429269
224.517074
224.604879
224.692684
224.780489
224.868294
224.956098
225.043903
225.131708
225.219513
225.307318
225.395123
225.482928
225.570733
225.658537
225.746342
225.834147
225.921952
226.009757
226.097562
226.185367
226.273172
226.360976
226.448781
226.536586
226.624391
226.712196
226.800001
226.887806
226.975611
227.063416
227.151220
227.239025
227.326830
227.414635
227.502440
227.590245
227.678050
227.765855
227.853659
227.941464
228.029269
228.117074
228.204879
228.292684
228.380489
228.468294
228.556098
228.643903
228.731708
228.819513
228.907318
228.995123
229.082928
229.170733
229.258537
229.346342
229.434147
229.521952
229.609757
229.697562
229.785367
229.873172
229.960976
230.048781
230.136586
230.224391
230.312196
230.400001
230.487806
230.575611
230.663415
230.751220
230.839025
230.926830
231.014635
231.102440
231.190245
231.278050
231.365854
231.453659
231.541464
231.629269
231.717074
231.804879
231.892684
231.980489
232.068293
232.156098
232.243903
232.331708
232.419513
232.507318
232.595123
232.682928
232.770732
232.858537
232.946342
233.034147
233.121952
233.209757
233.297562
233.385367
233.473171
233.560976
233.648781
233.736586
233.824391
233.912196
234.000001
234.087806
234.175610
234.263415
234.351220
234.439025
234.526830
234.614635
234.702440
234.790245
234.878049
234.965854
235.053659
235.141464
235.229269
235.317074
235.404879
235.492684
235.580489
235.668293
235.756098
235.843903
235.931708
236.019513
236.107318
236.195123
236.282928
236.370732
236.458537
236.546342
236.634147
236.721952
236.809757
236.897562
236.985367
237.073171
237.160976
237.248781
237.336586
237.424391
237.512196
237.600001
237.687806
237.775610
237.863415
237.951220
238.039025
238.126830
238.214635
238.302440
238.390245
238.478049
238.565854
238.653659
238.741464
238.829269
238.917074
239.004879
239.092684
239.180488
239.268293
239.356098
239.443903
239.531708
239.619513
239.707318
239.795123
239.882927
239.970732
240.058537
240.146342
240.234147
240.321952
240.409757
240.497562
240.585366
240.673171
240.760976
240.848781
240.936586
241.024391
241.112196
241.200001
241.287805
241.375610
241.463415
241.551220
241.639025
241.726830
241.814635
241.902440
241.990244
242.078049
242.165854
242.253659
242.341464
242.429269
242.517074
242.604879
242.692683
242.780488
242.868293
242.956098
243.043903
243.131708
243.219513
243.307318
243.395122
243.482927
243.570732
243.658537
243.746342
243.834147
243.921952
244.009757
244.097562
244.185366
244.273171
244.360976
244.448781
244.536586
244.624391
244.712196
244.800001
244.887805
244.975610
245.063415
245.151220
245.239025
245.326830
245.414635
245.502440
245.590244
245.678049
245.765854
245.853659
245.941464
246.029269
246.117074
246.204879
246.292683
246.380488
246.468293
246.556098
246.643903
246.731708
246.819513
246.907318
246.995122
247.082927
247.170732
247.258537
247.346342
247.434147
247.521952
247.609757
247.697561
247.785366
247.873171
247.960976
248.048781
248.136586
248.224391
248.312196
248.400000
248.487805
248.575610
248.663415
248.751220
248.839025
248.926830
249.014635
249.102439
249.190244
249.278049
249.365854
249.453659
249.541464
249.629269
249.717074
249.804878
249.892683
249.980488
250.068293
250.156098
250.243903
250.331708
250.419513
250.507317
250.595122
250.682927
250.770732
250.858537
250.946342
251.034147
251.121952
251.209756
251.297561
251.385366
251.473171
251.560976
251.648781
251.736586
251.824391
251.912195
252.000000
252.087805
252.175610
252.263415
252.351220
252.439025
252.526830
252.614634
252.702439
252.790244
252.878049
252.965854
253.053659
253.141464
253.229269
253.317074
253.404878
253.492683
253.580488
253.668293
253.756098
253.843903
253.931708
254.019513
254.107317
254.195122
254.282927
254.370732
254.458537
254.546342
254.634147
254.721952
254.809756
254.897561
254.985366
255.073171
255.160976
255.248781
255.336586
255.424391
255.512195
255.600000
255.687805
255.775610
255.863415
255.951220
256.039025
256.126830
256.214634
256.302439
256.390244
256.478049
256.565854
256.653659
256.741464
256.829269
256.917073
257.004878
257.092683
257.180488
257.268293
257.356098
257.443903
257.531708
257.619512
257.707317
257.795122
257.882927
257.970732
258.058537
258.146342
258.234147
258.321951
258.409756
258.497561
258.585366
258.673171
258.760976
258.848781
258.936586
259.024390
259.112195
259.200000
259.287805
259.375610
259.463415
259.551220
259.639025
259.726829
259.814634
259.902439
259.990244
260.078049
260.165854
260.253659
260.341464
260.429268
260.517073
260.604878
260.692683
260.780488
260.868293
260.956098
261.043903
261.131707
261.219512
261.307317
261.395122
261.482927
261.570732
261.658537
261.746342
261.834147
261.921951
262.009756
262.097561
262.185366
262.273171
262.360976
262.448781
262.536586
262.624390
262.712195
262.800000
262.887805
262.975610
263.063415
263.151220
263.239025
263.326829
263.414634
263.502439
263.590244
263.678049
263.765854
263.853659
263.941464
264.029268
264.117073
264.204878
264.292683
264.380488
264.468293
264.556098
264.643903
264.731707
264.819512
264.907317
264.995122
265.082927
265.170732
265.258537
265.346342
265.434146
265.521951
265.609756
265.697561
265.785366
265.873171
265.960976
266.048781
266.136585
266.224390
266.312195
266.400000
266.487805
266.575610
266.663415
266.751220
266.839024
266.926829
267.014634
267.102439
267.190244
267.278049
267.365854
267.453659
267.541463
267.629268
267.717073
267.804878
267.892683
267.980488
268.068293
268.156098
268.243902
268.331707
268.419512
268.507317
268.595122
268.682927
268.770732
268.858537
268.946341
269.034146
269.121951
269.209756
269.297561
269.385366
269.473171
269.560976
269.648780
269.736585
269.824390
269.912195
270.000002
270.087807
270.175612
270.263416
270.351221
270.439026
270.526831
270.614636
270.702441
270.790246
270.878051
270.965855
271.053660
271.141465
271.229270
271.317075
271.404880
271.492685
271.580490
271.668294
271.756099
271.843904
271.931709
272.019514
272.107319
272.195124
272.282929
272.370733
272.458538
272.546343
272.634148
272.721953
272.809758
272.897563
272.985368
273.073172
273.160977
273.248782
273.336587
273.424392
273.512197
273.600002
273.687807
273.775612
273.863416
273.951221
274.039026
274.126831
274.214636
274.302441
274.390246
274.478051
274.565855
274.653660
274.741465
274.829270
274.917075
275.004880
275.092685
275.180490
275.268294
275.356099
275.443904
275.531709
275.619514
275.707319
275.795124
275.882929
275.970733
276.058538
276.146343
276.234148
276.321953
276.409758
276.497563
276.585368
276.673172
276.760977
276.848782
276.936587
277.024392
277.112197
277.200002
277.287807
277.375611
277.463416
277.551221
277.639026
277.726831
277.814636
277.902441
277.990246
278.078050
278.165855
278.253660
278.341465
278.429270
278.517075
278.604880
278.692685
278.780489
278.868294
278.956099
279.043904
279.131709
279.219514
279.307319
279.395124
279.482928
279.570733
279.658538
279.746343
279.834148
279.921953
280.009758
280.097563
280.185367
280.273172
280.360977
280.448782
280.536587
280.624392
280.712197
280.800002
280.887806
280.975611
281.063416
281.151221
281.239026
281.326831
281.414636
281.502441
281.590245
281.678050
281.765855
281.853660
281.941465
282.029270
282.117075
282.204880
282.292685
282.380489
282.468294
282.556099
282.643904
282.731709
282.819514
282.907319
282.995124
283.082928
283.170733
283.258538
283.346343
283.434148
283.521953
283.609758
283.697563
283.785367
283.873172
283.960977
284.048782
284.136587
284.224392
284.312197
284.400002
284.487806
284.575611
284.663416
284.751221
284.839026
284.926831
285.014636
285.102441
285.190245
285.278050
285.365855
285.453660
285.541465
285.629270
285.717075
285.804880
285.892684
285.980489
286.068294
286.156099
286.243904
286.331709
286.419514
286.507319
286.595123
286.682928
286.770733
286.858538
286.946343
287.034148
287.121953
287.209758
287.297562
287.385367
287.473172
287.560977
287.648782
287.736587
287.824392
287.912197
288.000001
288.087806
288.175611
288.263416
288.351221
288.439026
288.526831
288.614636
288.702440
288.790245
288.878050
288.965855
289.053660
289.141465
289.229270
289.317075
289.404879
289.492684
289.580489
289.668294
289.756099
289.843904
289.931709
290.019514
290.107318
290.195123
290.282928
290.370733
290.458538
290.546343
290.634148
290.721953
290.809758
290.897562
290.985367
291.073172
291.160977
291.248782
291.336587
291.424392
291.512197
291.600001
291.687806
291.775611
291.863416
291.951221
292.039026
292.126831
292.214636
292.302440
292.390245
292.478050
292.565855
292.653660
292.741465
292.829270
292.917075
293.004879
293.092684
293.180489
293.268294
293.356099
293.443904
293.531709
293.619514
293.707318
293.795123
293.882928
293.970733
294.058538
294.146343
294.234148
294.321953
294.409757
294.497562
294.585367
294.673172
294.760977
294.848782
294.936587
295.024392
295.112196
295.200001
295.287806
295.375611
295.463416
295.551221
295.639026
295.726831
295.814635
295.902440
295.990245
296.078050
296.165855
296.253660
296.341465
296.429270
296.517074
296.604879
296.692684
296.780489
296.868294
296.956099
297.043904
297.131709
297.219513
297.307318
297.395123
297.482928
297.570733
297.658538
297.746343
297.834148
297.921952
298.009757
298.097562
298.185367
298.273172
298.360977
298.448782
298.536587
298.624391
298.712196
298.800001
298.887806
298.975611
299.063416
299.151221
299.239026
299.326830
299.414635
299.502440
299.590245
299.678050
299.765855
299.853660
299.941465
300.029270
300.117074
300.204879
300.292684
300.380489
300.468294
300.556099
300.643904
300.731709
300.819513
300.907318
300.995123
301.082928
301.170733
301.258538
301.346343
301.434148
301.521952
301.609757
301.697562
301.785367
301.873172
301.960977
302.048782
302.136587
302.224391
302.312196
302.400001
302.487806
302.575611
302.663416
302.751221
302.839026
302.926830
303.014635
303.102440
303.190245
303.278050
303.365855
303.453660
303.541465
303.629269
303.717074
303.804879
303.892684
303.980489
304.068294
304.156099
304.243904
304.331708
304.419513
304.507318
304.595123
304.682928
304.770733
304.858538
304.946343
305.034147
305.121952
305.209757
305.297562
305.385367
305.473172
305.560977
305.648782
305.736586
305.824391
305.912196
306.000001
306.087806
306.175611
306.263416
306.351221
306.439025
306.526830
306.614635
306.702440
306.790245
306.878050
306.965855
307.053660
307.141464
307.229269
307.317074
307.404879
307.492684
307.580489
307.668294
307.756099
307.843903
307.931708
308.019513
308.107318
308.195123
308.282928
308.370733
308.458538
308.546343
308.634147
308.721952
308.809757
308.897562
308.985367
309.073172
309.160977
309.248782
309.336586
309.424391
309.512196
309.600001
309.687806
309.775611
309.863416
309.951221
310.039025
310.126830
310.214635
310.302440
310.390245
310.478050
310.565855
310.653660
310.741464
310.829269
310.917074
311.004879
311.092684
311.180489
311.268294
311.356099
311.443903
311.531708
311.619513
311.707318
311.795123
311.882928
311.970733
312.058538
312.146342
312.234147
312.321952
312.409757
312.497562
312.585367
312.673172
312.760977
312.848781
312.936586
313.024391
313.112196
313.200001
313.287806
313.375611
313.463416
313.551220
313.639025
313.726830
313.814635
313.902440
313.990245
314.078050
314.165855
314.253659
314.341464
314.429269
314.517074
314.604879
314.692684
314.780489
314.868294
314.956098
315.043903
315.131708
315.219513
315.307318
315.395123
315.482928
315.570733
315.658537
315.746342
315.834147
315.921952
316.009757
316.097562
316.185367
316.273172
316.360976
316.448781
316.536586
316.624391
316.712196
316.800001
316.887806
316.975611
317.063416
317.151220
317.239025
317.326830
317.414635
317.502440
317.590245
317.678050
317.765855
317.853659
317.941464
318.029269
318.117074
318.204879
318.292684
318.380489
318.468294
318.556098
318.643903
318.731708
318.819513
318.907318
318.995123
319.082928
319.170733
319.258537
319.346342
319.434147
319.521952
319.609757
319.697562
319.785367
319.873172
319.960976
320.048781
320.136586
320.224391
320.312196
320.400001
320.487806
320.575611
320.663415
320.751220
320.839025
320.926830
321.014635
321.102440
321.190245
321.278050
321.365854
321.453659
321.541464
321.629269
321.717074
321.804879
321.892684
321.980489
322.068293
322.156098
322.243903
322.331708
322.419513
322.507318
322.595123
322.682928
322.770732
322.858537
322.946342
323.034147
323.121952
323.209757
323.297562
323.385367
323.473171
323.560976
323.648781
323.736586
323.824391
323.912196
324.000001
324.087806
324.175610
324.263415
324.351220
324.439025
324.526830
324.614635
324.702440
324.790245
324.878049
324.965854
325.053659
325.141464
325.229269
325.317074
325.404879
325.492684
325.580489
325.668293
325.756098
325.843903
325.931708
326.019513
326.107318
326.195123
326.282928
326.370732
326.458537
326.546342
326.634147
326.721952
326.809757
326.897562
326.985367
327.073171
327.160976
327.248781
327.336586
327.424391
327.512196
327.600001
327.687806
327.775610
327.863415
327.951220
328.039025
328.126830
328.214635
328.302440
328.390245
328.478049
328.565854
328.653659
328.741464
328.829269
328.917074
329.004879
329.092684
329.180488
329.268293
329.356098
329.443903
329.531708
329.619513
329.707318
329.795123
329.882927
329.970732
330.058537
330.146342
330.234147
330.321952
330.409757
330.497562
330.585366
330.673171
330.760976
330.848781
330.936586
331.024391
331.112196
331.200001
331.287805
331.375610
331.463415
331.551220
331.639025
331.726830
331.814635
331.902440
331.990244
332.078049
332.165854
332.253659
332.341464
332.429269
332.517074
332.604879
332.692683
332.780488
332.868293
332.956098
333.043903
333.131708
333.219513
333.307318
333.395122
333.482927
333.570732
333.658537
333.746342
333.834147
333.921952
334.009757
334.097562
334.185366
334.273171
334.360976
334.448781
334.536586
334.624391
334.712196
334.800001
334.887805
334.975610
335.063415
335.151220
335.239025
335.326830
335.414635
335.502440
335.590244
335.678049
335.765854
335.853659
335.941464
336.029269
336.117074
336.204879
336.292683
336.380488
336.468293
336.556098
336.643903
336.731708
336.819513
336.907318
336.995122
337.082927
337.170732
337.258537
337.346342
337.434147
337.521952
337.609757
337.697561
337.785366
337.873171
337.960976
338.048781
338.136586
338.224391
338.312196
338.400000
338.487805
338.575610
338.663415
338.751220
338.839025
338.926830
339.014635
339.102439
339.190244
339.278049
339.365854
339.453659
339.541464
339.629269
339.717074
339.804878
339.892683
339.980488
340.068293
340.156098
340.243903
340.331708
340.419513
340.507317
340.595122
340.682927
340.770732
340.858537
340.946342
341.034147
341.121952
341.209756
341.297561
341.385366
341.473171
341.560976
341.648781
341.736586
341.824391
341.912195
342.000000
342.087805
342.175610
342.263415
342.351220
342.439025
342.526830
342.614634
342.702439
342.790244
342.878049
342.965854
343.053659
343.141464
343.229269
343.317074
343.404878
343.492683
343.580488
343.668293
343.756098
343.843903
343.931708
344.019513
344.107317
344.195122
344.282927
344.370732
344.458537
344.546342
344.634147
344.721952
344.809756
344.897561
344.985366
345.073171
345.160976
345.248781
345.336586
345.424391
345.512195
345.600000
345.687805
345.775610
345.863415
345.951220
346.039025
346.126830
346.214634
346.302439
346.390244
346.478049
346.565854
346.653659
346.741464
346.829269
346.917073
347.004878
347.092683
347.180488
347.268293
347.356098
347.443903
347.531708
347.619512
347.707317
347.795122
347.882927
347.970732
348.058537
348.146342
348.234147
348.321951
348.409756
348.497561
348.585366
348.673171
348.760976
348.848781
348.936586
349.024390
349.112195
349.200000
349.287805
349.375610
349.463415
349.551220
349.639025
349.726829
349.814634
349.902439
349.990244
350.078049
350.165854
350.253659
350.341464
350.429268
350.517073
350.604878
350.692683
350.780488
350.868293
350.956098
351.043903
351.131707
351.219512
351.307317
351.395122
351.482927
351.570732
351.658537
351.746342
351.834147
351.921951
352.009756
352.097561
352.185366
352.273171
352.360976
352.448781
352.536586
352.624390
352.712195
352.800000
352.887805
352.975610
353.063415
353.151220
353.239025
353.326829
353.414634
353.502439
353.590244
353.678049
353.765854
353.853659
353.941464
354.029268
354.117073
354.204878
354.292683
354.380488
354.468293
354.556098
354.643903
354.731707
354.819512
354.907317
354.995122
355.082927
355.170732
355.258537
355.346342
355.434146
355.521951
355.609756
355.697561
355.785366
355.873171
355.960976
356.048781
356.136585
356.224390
356.312195
356.400000
356.487805
356.575610
356.663415
356.751220
356.839024
356.926829
357.014634
357.102439
357.190244
357.278049
357.365854
357.453659
357.541463
357.629268
357.717073
357.804878
357.892683
357.980488
358.068293
358.156098
358.243902
358.331707
358.419512
358.507317
358.595122
358.682927
358.770732
358.858537
358.946341
359.034146
359.121951
359.209756
359.297561
359.385366
359.473171
359.560976
359.648780
359.736585
359.824390
359.912195
360.000000
