0 0.000000 0 0 
1 159.999847 2 1 
2 159.999847 2 1 
3 159.999847 2 1 
4 159.999847 2 1 
5 459.999542 2 1 
6 159.999847 2 1 
7 159.999847 2 1 
8 147.999847 2 1 
9 159.999847 2 1 
10 159.999847 2 1 
11 147.999847 2 1 
12 459.999542 2 1 
13 459.999542 2 1 
14 159.999847 2 1 
15 159.999847 2 1 
16 159.999847 2 1 
17 159.999847 2 1 
18 159.999847 2 1 
19 159.999847 2 1 
20 159.999847 2 1 
21 159.999847 2 1 
22 459.999542 2 1 
23 159.999847 2 1 
24 159.999847 2 1 
25 159.999847 2 1 
26 159.999847 2 1 
27 459.999542 2 1 
28 0.000000 0 0 
29 0.000000 0 0 
30 0.000000 0 0 
31 0.000000 0 0 
32 0.000000 0 0 
33 0.000000 0 0 
34 0.000000 0 0 
35 0.000000 0 0 
36 0.000000 0 0 
37 0.000000 0 0 
38 0.000000 0 0 
39 0.000000 0 0 
40 0.000000 0 0 
41 0.000000 0 0 
42 0.000000 0 0 
43 0.000000 0 0 
44 0.000000 0 0 
45 0.000000 0 0 
46 0.000000 0 0 
47 0.000000 0 0 
48 0.000000 0 0 
49 0.000000 0 0 
50 0.000000 0 0 
51 0.000000 0 0 
52 0.000000 0 0 
53 0.000000 0 0 
54 0.000000 0 0 
55 0.000000 0 0 
56 0.000000 0 0 
57 0.000000 0 0 
58 0.000000 0 0 
59 0.000000 0 0 
60 0.000000 0 0 
61 0.000000 0 0 
62 0.000000 0 0 
63 0.000000 0 0 
64 0.000000 0 0 
65 0.000000 0 0 
66 0.000000 0 0 
67 0.000000 0 0 
68 0.000000 0 0 
69 0.000000 0 0 
70 0.000000 0 0 
71 0.000000 0 0 
72 0.000000 0 0 
73 0.000000 0 0 
74 0.000000 0 0 
75 0.000000 0 0 
76 0.000000 0 0 
77 0.000000 0 0 
78 0.000000 0 0 
79 0.000000 0 0 
80 0.000000 0 0 
81 0.000000 0 0 
82 0.000000 0 0 
83 0.000000 0 0 
84 0.000000 0 0 
85 0.000000 0 0 
86 0.000000 0 0 
87 0.000000 0 0 
88 0.000000 0 0 
89 0.000000 0 0 
90 0.000000 0 0 
91 0.000000 0 0 
92 0.000000 0 0 
93 0.000000 0 0 
94 0.000000 0 0 
95 0.000000 0 0 
96 0.000000 0 0 
97 0.000000 0 0 
98 0.000000 0 0 
99 0.000000 0 0 
0 0.000000 0 
1 0.000000 0 
2 0.000000 0 
3 0.000000 0 
4 0.000000 0 
5 0.000000 0 
6 0.000000 0 
7 0.000000 0 
8 0.000000 0 
9 0.000000 0 
10 0.000000 0 
11 0.000000 0 
12 0.000000 0 
13 0.000000 0 
14 0.000000 0 
15 0.000000 0 
16 0.000000 0 
17 0.000000 0 
18 0.000000 0 
19 0.000000 0 
20 0.000000 0 
21 0.000000 0 
22 0.000000 0 
23 0.000000 0 
24 0.000000 0 
25 0.000000 0 
26 0.000000 0 
27 0.000000 0 
28 0.000000 0 
29 0.000000 0 
30 0.000000 0 
31 0.000000 0 
32 0.000000 0 
33 0.000000 0 
34 0.000000 0 
35 0.000000 0 
36 0.000000 0 
37 0.000000 0 
38 0.000000 0 
39 0.000000 0 
40 0.000000 0 
41 0.000000 0 
42 0.000000 0 
43 0.000000 0 
44 0.000000 0 
45 0.000000 0 
46 0.000000 0 
47 0.000000 0 
48 0.000000 0 
49 0.000000 0 
50 0.000000 0 
51 0.000000 0 
52 0.000000 0 
53 0.000000 0 
54 0.000000 0 
55 0.000000 0 
56 0.000000 0 
57 0.000000 0 
58 0.000000 0 
59 0.000000 0 
60 0.000000 0 
61 0.000000 0 
62 0.000000 0 
63 0.000000 0 
64 0.000000 0 
65 0.000000 0 
66 0.000000 0 
67 0.000000 0 
68 0.000000 0 
69 0.000000 0 
70 0.000000 0 
71 0.000000 0 
72 0.000000 0 
73 0.000000 0 
74 0.000000 0 
75 0.000000 0 
76 0.000000 0 
77 0.000000 0 
78 0.000000 0 
79 0.000000 0 
80 0.000000 0 
81 0.000000 0 
82 0.000000 0 
83 0.000000 0 
84 0.000000 0 
85 0.000000 0 
86 0.000000 0 
87 0.000000 0 
88 0.000000 0 
89 0.000000 0 
90 0.000000 0 
91 0.000000 0 
92 0.000000 0 
93 0.000000 0 
94 0.000000 0 
95 0.000000 0 
96 0.000000 0 
97 0.000000 0 
98 0.000000 0 
99 0.000000 0 
