0 0.000000 0 0 
1 0.008000 2 0 
2 0.008000 2 0 
3 0.008000 2 0 
4 0.008000 2 0 
5 459.999542 2 1 
6 46.786400 1 1 
7 47.836319 1 1 
8 44.669361 2 0 
9 43.925919 1 1 
10 42.953121 1 1 
11 125.595642 1 1 
12 27.472481 1 1 
13 29.743521 1 1 
14 33.410080 1 1 
15 33.853600 1 1 
16 69.263680 1 1 
17 69.903679 1 1 
18 81.228157 1 1 
19 80.050560 1 1 
20 76.836319 1 1 
21 76.315361 1 1 
22 66.111519 1 1 
23 68.768478 1 1 
24 65.492798 1 1 
25 60.746880 1 1 
26 136.480164 1 1 
27 0.000000 1 1 
28 136.480164 1 1 
29 56.691200 1 1 
30 53.388802 1 1 
31 59.918720 1 1 
32 59.441280 1 1 
33 459.999542 2 1 
34 159.999847 2 1 
35 459.999542 2 1 
36 159.999847 2 1 
37 159.999847 2 1 
38 159.999847 2 1 
39 159.999847 2 1 
40 159.999847 2 1 
41 159.999847 2 1 
42 159.999847 2 1 
43 159.999847 2 1 
44 159.999847 2 1 
45 159.999847 2 1 
46 159.999847 2 1 
47 159.999847 2 1 
48 159.999847 2 1 
49 159.999847 2 1 
50 159.999847 2 1 
51 159.999847 2 1 
52 159.999847 2 1 
53 159.999847 2 1 
54 459.999542 2 1 
55 159.999847 2 1 
56 459.999542 2 1 
57 159.999847 2 1 
58 159.999847 2 1 
59 159.999847 2 1 
60 159.999847 2 1 
61 159.999847 2 1 
62 159.999847 2 1 
63 159.999847 2 1 
64 159.999847 2 1 
65 159.999847 2 1 
66 159.999847 2 1 
67 159.999847 2 1 
68 159.999847 2 1 
69 0.000000 0 0 
70 0.000000 0 0 
71 0.000000 0 0 
72 0.000000 0 0 
73 0.000000 0 0 
74 0.000000 0 0 
75 0.000000 0 0 
76 0.000000 0 0 
77 0.000000 0 0 
78 0.000000 0 0 
79 0.000000 0 0 
80 0.000000 0 0 
81 0.000000 0 0 
82 0.000000 0 0 
83 0.000000 0 0 
84 0.000000 0 0 
85 0.000000 0 0 
86 0.000000 0 0 
87 0.000000 0 0 
88 0.000000 0 0 
89 0.000000 0 0 
90 0.000000 0 0 
91 0.000000 0 0 
92 0.000000 0 0 
93 0.000000 0 0 
94 0.000000 0 0 
95 0.000000 0 0 
96 0.000000 0 0 
97 0.000000 0 0 
98 0.000000 0 0 
99 0.000000 0 0 
0 0.000000 0 
1 0.000000 0 
2 0.000000 0 
3 0.000000 0 
4 0.000000 0 
5 0.000000 0 
6 0.000000 0 
7 0.000000 0 
8 0.000000 0 
9 0.000000 0 
10 0.000000 0 
11 0.000000 0 
12 0.000000 0 
13 0.000000 0 
14 0.000000 0 
15 0.000000 0 
16 0.000000 0 
17 0.300000 1 
18 0.000000 1 
19 0.880000 1 
20 -0.242000 1 
21 0.000000 0 
22 0.000000 0 
23 0.000000 0 
24 0.000000 0 
25 0.000000 0 
26 0.000000 0 
27 0.000000 0 
28 0.000000 0 
29 0.000000 0 
30 0.000000 0 
31 0.000000 0 
32 0.000000 0 
33 0.000000 0 
34 0.000000 0 
35 0.000000 0 
36 0.000000 0 
37 0.000000 0 
38 0.000000 0 
39 0.000000 0 
40 0.000000 0 
41 0.000000 0 
42 0.000000 0 
43 0.000000 0 
44 0.000000 0 
45 0.000000 0 
46 0.000000 0 
47 0.000000 0 
48 0.000000 0 
49 0.000000 0 
50 0.000000 0 
51 0.000000 0 
52 0.000000 0 
53 0.000000 0 
54 0.000000 0 
55 0.000000 0 
56 0.000000 0 
57 0.000000 0 
58 0.000000 0 
59 0.000000 0 
60 0.000000 0 
61 0.000000 0 
62 0.000000 0 
63 0.000000 0 
64 0.000000 0 
65 0.000000 0 
66 0.000000 0 
67 0.000000 0 
68 0.000000 0 
69 0.000000 0 
70 0.000000 0 
71 0.000000 0 
72 0.000000 0 
73 0.000000 0 
74 0.000000 0 
75 0.000000 0 
76 0.000000 0 
77 0.000000 0 
78 0.000000 0 
79 0.000000 0 
80 0.000000 0 
81 0.000000 0 
82 0.000000 0 
83 0.000000 0 
84 0.000000 0 
85 0.000000 0 
86 0.000000 0 
87 0.000000 0 
88 0.000000 0 
89 0.000000 0 
90 0.000000 0 
91 0.000000 0 
92 0.000000 0 
93 0.000000 0 
94 0.000000 0 
95 0.000000 0 
96 0.000000 0 
97 0.000000 0 
98 0.000000 0 
99 0.000000 0 
